BATCH =  {'im_file': ('/Users/abdulhamid/Documents/yolo/datasets/train/images/IMG_2439_jpeg_jpg.rf.b716ecc9923088908de67457af446693.jpg', '/Users/abdulhamid/Documents/yolo/datasets/train/images/IMG_2308_jpeg_jpg.rf.7f5bc9634b415d515784dc7ae7a83532.jpg', '/Users/abdulhamid/Documents/yolo/datasets/train/images/IMG_2382_jpeg_jpg.rf.b431ad0ed94761ef82281dbe844170cc.jpg', '/Users/abdulhamid/Documents/yolo/datasets/train/images/IMG_2623_jpeg_jpg.rf.0af1f3048c78df2f0f8dc887ff548198.jpg', '/Users/abdulhamid/Documents/yolo/datasets/train/images/IMG_2461_jpeg_jpg.rf.a9a7293e2e45a5e3b9d7cc10d45c37dd.jpg', '/Users/abdulhamid/Documents/yolo/datasets/train/images/IMG_2625_jpeg_jpg.rf.049cfca5fa7da90878060904a452975d.jpg', '/Users/abdulhamid/Documents/yolo/datasets/train/images/IMG_8496_MOV-5_jpg.rf.eacca955182a03a262de9b2c4012ecc4.jpg', '/Users/abdulhamid/Documents/yolo/datasets/train/images/IMG_2316_jpeg_jpg.rf.bb8de66895ac8751f348c5df631f46ad.jpg', '/Users/abdulhamid/Documents/yolo/datasets/train/images/IMG_2393_jpeg_jpg.rf.51a3d165da3aac4466f89c834fa6532e.jpg', '/Users/abdulhamid/Documents/yolo/datasets/train/images/IMG_3128_jpeg_jpg.rf.68558c9a951e61ca99ae152b38026341.jpg', '/Users/abdulhamid/Documents/yolo/datasets/train/images/IMG_2506_jpeg_jpg.rf.5b0e0ae2d8038056ce3a19b260b9ed55.jpg', '/Users/abdulhamid/Documents/yolo/datasets/train/images/IMG_2364_jpeg_jpg.rf.28f37990b12a2ca62cd367362cf202d4.jpg', '/Users/abdulhamid/Documents/yolo/datasets/train/images/IMG_2536_jpeg_jpg.rf.89879f0a6436d7634771fd7de97784f8.jpg', '/Users/abdulhamid/Documents/yolo/datasets/train/images/IMG_2597_jpeg_jpg.rf.0f07eb126fe35d31acdbec7adb23ed50.jpg', '/Users/abdulhamid/Documents/yolo/datasets/train/images/IMG_2420_jpeg_jpg.rf.2c9b62657f067185cfd553339210ae48.jpg', '/Users/abdulhamid/Documents/yolo/datasets/train/images/IMG_8590_MOV-1_jpg.rf.5e5c650f344f8d835e04f867c6496953.jpg'), 'ori_shape': ((1024, 768), (1024, 768), (1024, 768), (1024, 768), (1024, 768), (1024, 768), (1024, 576), (1024, 768), (1024, 768), (1024, 768), (1024, 768), (1024, 768), (1024, 768), (1024, 768), (1024, 768), (1024, 576)), 'resized_shape': ((640, 640), (640, 640), (640, 640), (640, 640), (640, 640), (640, 640), (640, 640), (640, 640), (640, 640), (640, 640), (640, 640), (640, 640), (640, 640), (640, 640), (640, 640), (640, 640)), 'img': tensor([[[[0.0000, 0.0000, 0.0000,  ..., 0.0000, 0.0000, 0.0000],
          [0.0000, 0.0000, 0.0000,  ..., 0.0000, 0.0000, 0.0000],
          [0.0000, 0.0000, 0.0000,  ..., 0.0000, 0.0000, 0.0000],
          ...,
          [0.0000, 0.0000, 0.0000,  ..., 0.0000, 0.0000, 0.0000],
          [0.0000, 0.0000, 0.0000,  ..., 0.0000, 0.0000, 0.0000],
          [0.0000, 0.0000, 0.0000,  ..., 0.0000, 0.0000, 0.0000]],

         [[0.1255, 0.1255, 0.1255,  ..., 0.0941, 0.0941, 0.0941],
          [0.1255, 0.1255, 0.1255,  ..., 0.0902, 0.0941, 0.0941],
          [0.1255, 0.1255, 0.1255,  ..., 0.0902, 0.0902, 0.0941],
          ...,
          [0.1176, 0.1176, 0.1176,  ..., 0.1020, 0.1020, 0.1020],
          [0.1176, 0.1176, 0.1176,  ..., 0.0980, 0.1020, 0.1020],
          [0.1176, 0.1176, 0.1176,  ..., 0.0980, 0.1020, 0.1020]],

         [[0.4275, 0.4275, 0.4235,  ..., 0.3176, 0.3176, 0.3216],
          [0.4275, 0.4275, 0.4275,  ..., 0.3137, 0.3176, 0.3216],
          [0.4314, 0.4314, 0.4275,  ..., 0.3137, 0.3137, 0.3176],
          ...,
          [0.4431, 0.4431, 0.4431,  ..., 0.3412, 0.3412, 0.3412],
          [0.4431, 0.4431, 0.4431,  ..., 0.3373, 0.3412, 0.3412],
          [0.4431, 0.4431, 0.4431,  ..., 0.3373, 0.3412, 0.3412]]],


        [[[0.4980, 0.4980, 0.4980,  ..., 0.8118, 0.8392, 0.8353],
          [0.4980, 0.4980, 0.4980,  ..., 0.8078, 0.8314, 0.8275],
          [0.4980, 0.4980, 0.4980,  ..., 0.7686, 0.7882, 0.7725],
          ...,
          [0.4980, 0.4980, 0.4980,  ..., 0.3961, 0.3961, 0.3882],
          [0.4980, 0.4980, 0.4980,  ..., 0.3882, 0.3882, 0.3922],
          [0.4980, 0.4980, 0.4980,  ..., 0.4039, 0.4000, 0.3882]],

         [[0.4980, 0.4980, 0.4980,  ..., 0.9804, 1.0000, 1.0000],
          [0.4980, 0.4980, 0.4980,  ..., 0.9804, 1.0000, 1.0000],
          [0.4980, 0.4980, 0.4980,  ..., 0.9451, 0.9686, 0.9529],
          ...,
          [0.4980, 0.4980, 0.4980,  ..., 0.5961, 0.5961, 0.5725],
          [0.4980, 0.4980, 0.4980,  ..., 0.5529, 0.5725, 0.5765],
          [0.4980, 0.4980, 0.4980,  ..., 0.5843, 0.5922, 0.5804]],

         [[0.4980, 0.4980, 0.4980,  ..., 0.8314, 0.8549, 0.8627],
          [0.4980, 0.4980, 0.4980,  ..., 0.8314, 0.8588, 0.8588],
          [0.4980, 0.4980, 0.4980,  ..., 0.7961, 0.8235, 0.8078],
          ...,
          [0.4980, 0.4980, 0.4980,  ..., 1.0000, 1.0000, 1.0000],
          [0.4980, 0.4980, 0.4980,  ..., 1.0000, 1.0000, 1.0000],
          [0.4980, 0.4980, 0.4980,  ..., 1.0000, 0.9843, 0.9608]]],


        [[[0.6118, 0.6118, 0.6118,  ..., 0.6118, 0.6118, 0.6118],
          [0.6118, 0.6118, 0.6118,  ..., 0.6118, 0.6118, 0.6118],
          [0.6118, 0.6118, 0.6118,  ..., 0.6118, 0.6118, 0.6118],
          ...,
          [0.6118, 0.6118, 0.6118,  ..., 0.0000, 0.0000, 0.0000],
          [0.6118, 0.6118, 0.6118,  ..., 0.0000, 0.0000, 0.0000],
          [0.6118, 0.6118, 0.6118,  ..., 0.0000, 0.0000, 0.0000]],

         [[0.6118, 0.6118, 0.6118,  ..., 0.6118, 0.6118, 0.6118],
          [0.6118, 0.6118, 0.6118,  ..., 0.6118, 0.6118, 0.6118],
          [0.6118, 0.6118, 0.6118,  ..., 0.6118, 0.6118, 0.6118],
          ...,
          [0.6118, 0.6118, 0.6118,  ..., 0.3569, 0.3569, 0.3451],
          [0.6118, 0.6118, 0.6118,  ..., 0.3529, 0.3569, 0.3451],
          [0.6118, 0.6118, 0.6118,  ..., 0.3176, 0.3255, 0.3373]],

         [[0.6118, 0.6118, 0.6118,  ..., 0.6118, 0.6118, 0.6118],
          [0.6118, 0.6118, 0.6118,  ..., 0.6118, 0.6118, 0.6118],
          [0.6118, 0.6118, 0.6118,  ..., 0.6118, 0.6118, 0.6118],
          ...,
          [0.6118, 0.6118, 0.6118,  ..., 0.4706, 0.4667, 0.4549],
          [0.6118, 0.6118, 0.6118,  ..., 0.4863, 0.4667, 0.4510],
          [0.6118, 0.6118, 0.6118,  ..., 0.5020, 0.4667, 0.4431]]],


        ...,


        [[[0.1804, 0.1804, 0.1804,  ..., 0.4235, 0.4235, 0.4235],
          [0.1804, 0.1804, 0.1804,  ..., 0.4235, 0.4235, 0.4235],
          [0.1804, 0.1804, 0.1804,  ..., 0.4235, 0.4235, 0.4235],
          ...,
          [0.3647, 0.3569, 0.3608,  ..., 0.4235, 0.4235, 0.4235],
          [0.4235, 0.4235, 0.4235,  ..., 0.4235, 0.4235, 0.4235],
          [0.4235, 0.4235, 0.4235,  ..., 0.4235, 0.4235, 0.4235]],

         [[0.2627, 0.2627, 0.2627,  ..., 0.4235, 0.4235, 0.4235],
          [0.2627, 0.2627, 0.2627,  ..., 0.4235, 0.4235, 0.4235],
          [0.2627, 0.2627, 0.2627,  ..., 0.4235, 0.4235, 0.4235],
          ...,
          [0.4902, 0.4863, 0.4824,  ..., 0.4235, 0.4235, 0.4235],
          [0.4235, 0.4235, 0.4235,  ..., 0.4235, 0.4235, 0.4235],
          [0.4235, 0.4235, 0.4235,  ..., 0.4235, 0.4235, 0.4235]],

         [[0.5216, 0.5216, 0.5216,  ..., 0.4235, 0.4235, 0.4235],
          [0.5216, 0.5216, 0.5216,  ..., 0.4235, 0.4235, 0.4235],
          [0.5216, 0.5216, 0.5216,  ..., 0.4235, 0.4235, 0.4235],
          ...,
          [0.6196, 0.6000, 0.5882,  ..., 0.4235, 0.4235, 0.4235],
          [0.4235, 0.4235, 0.4235,  ..., 0.4235, 0.4235, 0.4235],
          [0.4235, 0.4235, 0.4235,  ..., 0.4235, 0.4235, 0.4235]]],


        [[[0.5451, 0.5843, 0.5922,  ..., 0.5059, 0.5059, 0.5059],
          [0.4784, 0.5137, 0.5294,  ..., 0.5059, 0.5059, 0.5059],
          [0.4510, 0.4431, 0.4471,  ..., 0.5059, 0.5059, 0.5059],
          ...,
          [0.6118, 0.6157, 0.5961,  ..., 0.5333, 0.4824, 0.5569],
          [0.5686, 0.5882, 0.5843,  ..., 0.6000, 0.4706, 0.4941],
          [0.5843, 0.6471, 0.6235,  ..., 0.6196, 0.5137, 0.4392]],

         [[0.6392, 0.6667, 0.6784,  ..., 0.5059, 0.5059, 0.5059],
          [0.5647, 0.5961, 0.6078,  ..., 0.5059, 0.5059, 0.5059],
          [0.5412, 0.5294, 0.5255,  ..., 0.5059, 0.5059, 0.5059],
          ...,
          [0.6392, 0.6667, 0.6588,  ..., 0.5451, 0.4824, 0.5490],
          [0.5686, 0.6157, 0.6353,  ..., 0.6196, 0.4784, 0.4941],
          [0.5686, 0.6471, 0.6431,  ..., 0.6392, 0.5255, 0.4431]],

         [[0.8902, 0.9451, 0.9608,  ..., 0.5059, 0.5059, 0.5059],
          [0.7686, 0.8275, 0.8549,  ..., 0.5059, 0.5059, 0.5059],
          [0.7176, 0.7059, 0.7098,  ..., 0.5059, 0.5059, 0.5059],
          ...,
          [0.8196, 0.8078, 0.7843,  ..., 0.6118, 0.5490, 0.6078],
          [0.7059, 0.7373, 0.7569,  ..., 0.6863, 0.5490, 0.5569],
          [0.6039, 0.7216, 0.7569,  ..., 0.7216, 0.6039, 0.5216]]],


        [[[0.2824, 0.2784, 0.2980,  ..., 0.3137, 0.3137, 0.3137],
          [0.2510, 0.2784, 0.2784,  ..., 0.3137, 0.3137, 0.3137],
          [0.2745, 0.3059, 0.2941,  ..., 0.3137, 0.3137, 0.3137],
          ...,
          [0.1176, 0.1176, 0.1216,  ..., 0.3137, 0.3137, 0.3137],
          [0.1176, 0.1176, 0.1176,  ..., 0.3137, 0.3137, 0.3137],
          [0.1176, 0.1176, 0.1137,  ..., 0.3137, 0.3137, 0.3137]],

         [[0.2706, 0.2588, 0.2784,  ..., 0.3137, 0.3137, 0.3137],
          [0.2392, 0.2588, 0.2627,  ..., 0.3137, 0.3137, 0.3137],
          [0.2627, 0.2941, 0.2824,  ..., 0.3137, 0.3137, 0.3137],
          ...,
          [0.1608, 0.1608, 0.1647,  ..., 0.3137, 0.3137, 0.3137],
          [0.1608, 0.1608, 0.1608,  ..., 0.3137, 0.3137, 0.3137],
          [0.1608, 0.1608, 0.1608,  ..., 0.3137, 0.3137, 0.3137]],

         [[0.3608, 0.3529, 0.3765,  ..., 0.3137, 0.3137, 0.3137],
          [0.3451, 0.3686, 0.3686,  ..., 0.3137, 0.3137, 0.3137],
          [0.3804, 0.4157, 0.3961,  ..., 0.3137, 0.3137, 0.3137],
          ...,
          [0.2863, 0.2863, 0.2902,  ..., 0.3137, 0.3137, 0.3137],
          [0.2863, 0.2863, 0.2863,  ..., 0.3137, 0.3137, 0.3137],
          [0.2863, 0.2863, 0.2863,  ..., 0.3137, 0.3137, 0.3137]]]]), 'cls': tensor([[4.],
        [4.],
        [4.],
        [4.],
        [0.],
        [0.],
        [0.],
        [0.],
        [0.],
        [0.],
        [0.],
        [0.],
        [0.],
        [0.],
        [0.],
        [2.],
        [0.],
        [0.],
        [0.],
        [4.],
        [0.],
        [0.],
        [4.],
        [0.],
        [4.],
        [0.],
        [0.],
        [0.],
        [0.],
        [0.],
        [0.],
        [0.],
        [0.],
        [0.],
        [4.],
        [0.],
        [0.],
        [4.],
        [0.],
        [4.],
        [0.],
        [0.],
        [0.],
        [0.],
        [0.],
        [0.],
        [0.],
        [0.],
        [4.],
        [4.],
        [4.],
        [0.],
        [0.],
        [0.],
        [2.],
        [0.],
        [0.],
        [0.],
        [6.],
        [0.],
        [0.],
        [6.],
        [2.],
        [4.],
        [0.],
        [0.],
        [4.],
        [0.],
        [4.],
        [4.],
        [0.],
        [0.],
        [0.],
        [0.],
        [0.],
        [0.],
        [0.],
        [0.],
        [0.],
        [0.],
        [0.],
        [6.],
        [0.],
        [6.],
        [6.],
        [2.],
        [5.],
        [0.],
        [0.],
        [4.],
        [0.],
        [0.],
        [4.],
        [0.],
        [0.],
        [0.],
        [0.],
        [0.],
        [0.],
        [0.],
        [0.],
        [0.],
        [4.],
        [0.],
        [0.],
        [0.],
        [4.],
        [0.],
        [0.],
        [0.],
        [6.],
        [0.],
        [0.],
        [4.],
        [0.],
        [0.],
        [0.],
        [0.],
        [4.],
        [4.],
        [5.],
        [1.],
        [1.],
        [1.],
        [1.],
        [1.],
        [1.],
        [0.],
        [4.],
        [0.],
        [4.],
        [4.],
        [0.],
        [0.],
        [0.],
        [0.],
        [0.]]), 'bboxes': tensor([[0.0819, 0.0606, 0.1637, 0.1213],
        [0.8768, 0.0606, 0.1989, 0.1213],
        [0.5806, 0.1335, 0.0952, 0.0762],
        [0.4081, 0.2245, 0.0984, 0.0698],
        [0.5827, 0.6741, 0.0762, 0.2169],
        [0.7160, 0.7862, 0.1291, 0.1460],
        [0.4790, 0.8846, 0.0603, 0.0804],
        [0.5457, 0.9754, 0.1090, 0.0492],
        [0.3848, 0.9772, 0.0455, 0.0455],
        [0.6155, 0.9471, 0.1301, 0.0592],
        [0.3912, 0.9143, 0.0762, 0.0571],
        [0.4272, 0.9608, 0.0614, 0.0444],
        [0.5361, 0.8656, 0.0529, 0.0360],
        [0.5107, 0.8963, 0.0561, 0.0349],
        [0.4732, 0.6503, 0.0963, 0.1746],
        [0.5687, 0.2885, 0.4671, 0.2947],
        [0.9828, 0.9941, 0.0345, 0.0118],
        [0.3025, 0.4061, 0.4628, 0.2383],
        [0.7202, 0.0865, 0.0523, 0.1489],
        [0.9222, 0.4003, 0.1366, 0.1010],
        [0.8118, 0.1635, 0.0886, 0.1003],
        [0.6490, 0.2310, 0.0414, 0.0552],
        [0.7188, 0.4592, 0.0654, 0.0523],
        [0.6948, 0.3008, 0.0748, 0.0487],
        [0.6004, 0.5216, 0.0676, 0.0479],
        [0.5844, 0.3030, 0.0312, 0.0479],
        [0.7428, 0.2739, 0.0894, 0.0407],
        [0.5887, 0.2514, 0.0523, 0.0392],
        [0.6113, 0.3342, 0.0305, 0.0363],
        [0.6134, 0.2834, 0.0421, 0.0305],
        [0.6883, 0.2180, 0.0363, 0.0247],
        [0.6708, 0.2390, 0.0385, 0.0240],
        [0.6450, 0.0701, 0.0661, 0.1199],
        [0.7163, 0.0192, 0.0924, 0.0383],
        [0.3595, 0.4613, 0.2413, 0.1784],
        [0.5546, 0.0657, 0.1566, 0.1314],
        [0.8421, 0.1622, 0.0732, 0.0976],
        [0.7189, 0.5653, 0.1155, 0.0924],
        [0.7613, 0.2854, 0.1322, 0.0860],
        [0.9281, 0.6757, 0.1194, 0.0847],
        [0.9564, 0.2893, 0.0552, 0.0847],
        [0.6765, 0.2379, 0.1579, 0.0719],
        [0.9487, 0.1981, 0.0924, 0.0693],
        [0.9089, 0.3445, 0.0539, 0.0642],
        [0.9050, 0.2546, 0.0745, 0.0539],
        [0.7728, 0.1391, 0.0642, 0.0436],
        [0.8036, 0.1763, 0.0680, 0.0424],
        [0.1171, 0.5688, 0.1210, 0.1129],
        [0.2610, 0.1923, 0.2487, 0.0928],
        [0.6079, 0.1479, 0.2232, 0.0860],
        [0.7450, 0.3456, 0.0981, 0.0726],
        [0.1615, 0.1130, 0.1882, 0.0618],
        [0.1628, 0.0205, 0.1506, 0.0410],
        [0.2825, 0.0108, 0.1304, 0.0215],
        [0.9491, 0.1677, 0.1017, 0.3355],
        [0.0539, 0.8714, 0.0968, 0.2571],
        [0.2233, 0.9652, 0.1640, 0.0696],
        [0.9431, 0.8504, 0.1138, 0.2218],
        [0.3773, 0.0649, 0.2411, 0.1298],
        [0.1338, 0.2423, 0.2676, 0.1427],
        [0.0619, 0.4084, 0.1238, 0.1357],
        [0.7097, 0.2376, 0.1930, 0.4000],
        [0.9291, 0.4394, 0.1419, 0.1572],
        [0.3122, 0.3322, 0.1450, 0.0512],
        [0.5413, 0.6265, 0.0548, 0.0512],
        [0.6741, 0.2804, 0.0561, 0.0487],
        [0.4761, 0.4559, 0.1127, 0.0420],
        [0.5492, 0.2981, 0.0841, 0.0414],
        [0.3189, 0.4358, 0.1011, 0.0390],
        [0.2568, 0.5253, 0.0445, 0.0329],
        [0.5078, 0.3303, 0.0713, 0.0311],
        [0.6711, 0.3687, 0.0621, 0.0305],
        [0.5852, 0.3212, 0.0841, 0.0299],
        [0.6808, 0.3431, 0.0420, 0.0280],
        [0.5212, 0.4199, 0.0853, 0.0280],
        [0.5206, 0.3736, 0.0682, 0.0274],
        [0.4852, 0.3498, 0.0634, 0.0268],
        [0.5388, 0.3431, 0.0591, 0.0250],
        [0.6138, 0.3438, 0.0652, 0.0232],
        [0.4663, 0.3669, 0.0591, 0.0232],
        [0.6339, 0.3590, 0.0408, 0.0201],
        [0.8736, 0.9949, 0.2528, 0.0101],
        [0.4523, 0.9680, 0.3881, 0.0640],
        [0.5756, 0.0674, 0.1383, 0.1347],
        [0.9370, 0.9151, 0.1259, 0.1698],
        [0.5328, 0.8862, 0.4293, 0.2276],
        [0.9186, 0.1631, 0.1627, 0.2527],
        [0.2062, 0.1787, 0.3237, 0.2224],
        [0.5798, 0.2484, 0.1017, 0.2897],
        [0.1870, 0.8588, 0.2656, 0.1964],
        [0.4018, 0.3982, 0.1724, 0.1950],
        [0.7183, 0.5296, 0.0805, 0.1074],
        [0.5826, 0.9612, 0.1272, 0.0776],
        [0.6293, 0.6652, 0.1455, 0.0947],
        [0.8440, 0.6695, 0.0608, 0.0933],
        [0.5360, 0.6130, 0.1738, 0.0791],
        [0.8356, 0.5692, 0.1017, 0.0763],
        [0.7918, 0.7302, 0.0593, 0.0706],
        [0.7875, 0.6313, 0.0820, 0.0593],
        [0.6420, 0.5042, 0.0706, 0.0480],
        [0.6759, 0.5451, 0.0749, 0.0466],
        [0.7261, 0.2166, 0.1286, 0.2331],
        [0.4469, 0.1707, 0.4683, 0.3414],
        [0.4399, 0.8949, 0.7476, 0.2102],
        [0.9489, 0.7187, 0.1023, 0.1269],
        [0.2037, 0.9772, 0.1666, 0.0455],
        [0.0746, 0.4764, 0.1493, 0.1359],
        [0.4362, 0.4589, 0.7149, 0.3681],
        [0.0172, 0.0610, 0.0344, 0.0932],
        [0.0172, 0.1542, 0.0344, 0.0909],
        [0.0161, 0.7305, 0.0321, 0.0314],
        [0.1256, 0.0371, 0.2128, 0.0742],
        [0.4410, 0.1057, 0.1140, 0.0608],
        [0.3270, 0.0905, 0.0578, 0.0502],
        [0.0058, 0.1856, 0.0115, 0.0350],
        [0.3126, 0.0023, 0.0220, 0.0046],
        [0.0042, 0.0069, 0.0085, 0.0138],
        [0.2753, 0.5991, 0.0988, 0.0988],
        [0.4296, 0.2661, 0.2440, 0.0806],
        [0.2844, 0.8748, 0.3033, 0.2504],
        [0.8470, 0.6842, 0.2759, 0.1847],
        [0.5475, 0.1245, 0.1659, 0.2046],
        [0.4093, 0.2379, 0.1604, 0.1348],
        [0.5904, 0.3022, 0.0906, 0.1306],
        [0.6626, 0.2078, 0.0422, 0.1058],
        [0.3063, 0.4287, 0.0394, 0.0643],
        [0.4418, 0.5234, 0.0643, 0.0560],
        [0.0256, 0.2476, 0.0512, 0.0899],
        [0.0679, 0.4999, 0.1359, 0.2309],
        [0.5372, 0.9552, 0.0899, 0.0895],
        [0.3968, 0.6526, 0.2219, 0.0733],
        [0.0443, 0.9153, 0.0885, 0.0781],
        [0.2396, 0.7477, 0.0919, 0.0574],
        [0.2313, 0.8051, 0.1085, 0.0560],
        [0.0142, 0.8545, 0.0284, 0.0200],
        [0.1397, 0.9720, 0.0505, 0.0180],
        [0.0899, 0.9333, 0.0366, 0.0173]]), 'batch_idx': tensor([ 0.,  0.,  0.,  0.,  0.,  0.,  0.,  0.,  0.,  0.,  0.,  0.,  0.,  0.,  0.,  1.,  1.,  2.,  2.,  2.,  2.,  2.,  2.,  2.,  2.,  2.,  2.,  2.,  2.,  2.,  2.,  2.,  2.,  3.,  3.,  3.,  3.,  3.,  3.,  3.,  3.,  3.,  3.,  3.,  3.,  3.,  3.,  4.,  4.,  4.,  4.,  4.,  4.,  4.,  4.,  4.,  4.,  4.,  5.,  6.,  6.,  6.,
         7.,  7.,  7.,  7.,  7.,  7.,  7.,  7.,  7.,  7.,  7.,  7.,  7.,  7.,  7.,  7.,  7.,  7.,  7.,  7.,  7.,  8.,  8.,  8.,  9.,  9., 10., 10., 10., 10., 10., 10., 10., 10., 10., 10., 10., 10., 10., 10., 11., 11., 12., 12., 12., 13., 13., 13., 13., 14., 14., 14., 14., 14., 14., 14., 14., 14., 14., 15., 15., 15.,
        15., 15., 15., 15., 15., 15., 15., 15., 15., 15., 15., 15., 15.])}